[[[483 253]
  [331 253]
  [530 266]
  [459 266]
  [365 266]
  [469 279]
  [376 279]
  [500 292]
  [444 292]
  [363 292]
  [498 305]
  [435 305]
  [346 305]
  [361 318]
  [519 318]
  [476 318]
  [421 318]
  [312 318]
  [420 331]
  [295 331]
  [420 344]
  [443 357]
  [370 357]
  [433 370]
  [479 370]
  [375 370]
  [440 383]
  [345 383]
  [444 396]
  [406 396]
  [511 409]
  [452 409]
  [403 409]
  [348 409]
  [464 422]
  [399 422]
  [360 422]
  [492 435]
  [447 435]
  [418 435]
  [384 435]
  [582 448]
  [497 448]
  [450 448]
  [388 448]
  [536 461]
  [467 461]
  [377 461]
  [534 474]
  [424 474]
  [344 474]
  [456 487]
  [327 487]
  [411 500]
  [557 500]
  [468 500]
  [365 500]
  [306 500]
  [467 513]
  [403 513]
  [293 513]
  [470 526]
  [371 526]
  [474 539]
  [410 539]
  [330 539]
  [321 552]
  [478 552]
  [403 552]
  [518 565]
  [452 565]
  [394 565]
  [332 565]
  [522 578]
  [443 578]
  [406 578]
  [366 578]
  [518 591]
  [399 591]
  [548 604]
  [446 604]
  [338 604]
  [555 617]
  [449 617]
  [394 617]
  [315 617]
  [561 630]
  [454 630]
  [418 630]
  [394 630]
  [291 630]
  [ 89 643]
  [567 643]
  [459 643]
  [416 643]
  [381 643]
  [573 656]
  [464 656]
  [414 656]
  [365 656]
  [474 669]
  [412 669]
  [346 669]
  [ 73 669]
  [522 682]
  [480 682]
  [446 682]
  [411 682]
  [316 682]
  [ 67 682]
  [487 695]
  [444 695]
  [408 695]
  [ 55 695]
  [468 708]
  [404 708]
  [ 57 708]
  [505 721]
  [431 721]
  [ 60 721]
  [572 734]
  [331 734]
  [516 734]
  [429 734]
  [ 55 734]
  [534 747]
  [418 747]
  [ 52 747]
  [472 760]
  [375 760]
  [106 760]
  [ 45 760]
  [483 773]
  [392 773]
  [ 43 773]]]